Linear
3.153714179992676
3.1317927837371826
3.123396396636963
3.1334352493286133
3.1252779960632324
3.114170789718628
3.115647554397583
3.1202199459075928
3.1314010620117188
3.1140761375427246

Origin (x0 = 0)
4.388541221618652
4.354959487915039
4.283454179763794
4.267946481704712
4.266109943389893
4.2600953578948975
4.242280006408691
4.2183027267456055
4.332353591918945
4.256225824356079

Origin (with x0 = previous)
3.157158613204956
3.0870094299316406
3.074521064758301
3.049119710922241
3.0558276176452637
3.0559701919555664
3.1435041427612305
3.081990957260132
3.0830516815185547
3.065563917160034

Quadratic (x0 = 0)
8.387860536575317
8.647460699081421
8.483532428741455
8.46751880645752
8.407338380813599
8.625169277191162
8.767091512680054
8.402612447738647
8.405097246170044
8.626990795135498

Quadratic (x0 = previous)
6.4358696937561035
6.558663606643677
6.4980528354644775
6.346467971801758
6.616529703140259
6.342195510864258
6.3858842849731445
6.353262424468994
6.352657079696655
6.340332508087158

